restype,iir
filttype,butter
bandtype,hpf
paramtype,analog
pbedge,0.5
sbedge,0.4
gpass,1.0
gstop,60.0
b,0.9999999999999996,0.0,0.0,0.0,0.0,0.0,0.0,0.0,0.0,0.0,0.0,0.0,0.0,0.0,0.0,0.0,0.0,0.0,0.0,0.0,0.0,0.0,0.0,0.0,0.0,0.0,0.0,0.0,0.0,0.0,0.0,0.0,0.0,0.0,0.0
a,1.0,10.613381281244145,56.321931110531864,198.97123896764322,525.6776611553928,1106.2663031408356,1928.8220240460605,2861.452632057157,3681.3818846279037,4165.724644569401,4190.5788624562565,3778.682487981258,3073.7034341006624,2266.620145186791,1520.95895612049,931.264941881645,521.2722967426489,267.0358325033191,125.24058428588874,53.756889882069075,21.093993870121267,7.552669933448495,2.460731132554846,0.7268135959996057,0.19365873925368499,0.04625237967961154,0.009820527897119397,0.0018339646662325676,0.0002970140540968665,4.092841888897929e-05,4.672671454508772e-06,4.24929095195722e-07,2.889908827933951e-08,1.3084008309934043e-09,2.961880177664558e-11
